00000000
00000000
00000000
00000000
00000000
00000000
00000000
00000000
00000000
00000000
00000000
00000000
00000000
00000000
00000000
00000000
00000000
00000000
00000000
00000000
00000000
00000000
00000000
00000000
00000000
00000000
00000000
00000000
00000000
00000000
00000000
00000000
0040fdff
3f000000
00000000
00000000
00000000
00000000
00000000
60cdfbfd
cd6f0400
00000000
00000000
00000000
00000000
00000060
bdfbfbfd
fbfb1f00
00000000
00000000
00000000
00000000
1040dff4
fbfbd3d5
fbfb1f00
00000000
00000000
00000000
00000050
b5fbfdfb
fbfb5e60
fbfb1f00
00000000
00000000
00000000
00005cfd
fdfdfffd
fdfd5f60
fdfd1f00
00000000
00000000
00000000
005cecfb
f3dce9fb
fbf35260
fbfb1f00
00000000
00000000
00000000
50fdfbfb
bc0060fb
fb6d0060
fbfb1f00
00000000
00000000
00000060
f0fdf3bc
2a0060cc
6d04000c
c5fb1f00
00000000
00000000
000000dd
fbfd7900
00002417
00000000
befb1f00
00000000
00000000
000030ea
fd000000
00000000
00000000
bffd1f00
00000000
00000000
002cddfb
fb000000
00000000
0000000c
c5fb1f00
00000000
00000000
00befbfb
fb000000
00000000
00000060
fbfb1f00
00000000
00000000
00befbfb
71000000
00000000
000028ea
fbdb1700
00000000
00000000
00befbfb
5e000000
00000000
0028d9fd
e72f0000
00000000
00000000
00bffdfd
fd000000
0000000c
aefdfddb
27000000
00000000
00000000
0043ecfb
fbbfbe6f
48bebfc5
fbf37927
00000000
00000000
00000000
00003fec
fbfdfbfb
fbfbfdfb
bc5e0000
00000000
00000000
00000000
0000001b
81fdfbfb
fbfbe5a8
0f000000
00000000
00000000
00000000
00000000
005fd4fb
d35e3b00
00000000
00000000
00000000
00000000
00000000
00000000
00000000
00000000
00000000
00000000
00000000
00000000
00000000
00000000
00000000
00000000
00000000
00000000
00000000
00000000
00000000
00000000
00000000
00000000
00000000
00000000
00000000
00000000
00000000
00000000
00000000
00000000
00000000
00000000
00000000
00000000
00000000
00000000
00000000
00000000
00000000
00000000
00000000
00000000
00000000
00000000
00000000
00000000
00000000
00000000
00000000
00000000
00000000
00000000
00000000
00000000
00000000
00000000
00000000
00000000
00000000
00000000
0080ffbf
00000000
00000000
00000000
00000000
00000000
00000000
00bfffff
40000000
00000000
00000000
00000000
00000000
00000000
00ffffff
80000000
00000000
00000000
00000000
00000000
00000000
00ffffff
00000000
00000000
00000000
00000000
00000000
00000000
00ffffff
00000000
00000000
00000000
00000000
00000000
00000000
0080ffff
80000000
00000000
00000000
00000000
00000000
00000000
00ffffff
80000000
00000000
00000000
00000000
00000000
00000000
00ffffff
80000000
00000000
00000000
00000000
00000000
00000000
00ffffff
80000000
00000000
00000000
00000000
00000000
00000000
00ffffff
80000000
00000000
00000000
00000000
00000000
00000000
00ffffff
00000000
00000000
00000000
00000000
00000000
00000000
00ffffff
00000000
00000000
00000000
00000000
00000000
00000000
00ffffff
00000000
00000000
00000000
00000000
00000000
00000000
00ffffff
00000000
00000000
00000000
00000000
00000000
00000000
00bfffff
80000000
00000000
00000000
00000000
00000000
00000000
00bfffff
80000000
00000000
00000000
00000000
00000000
00000000
40ffffff
80000000
00000000
00000000
00000000
00000000
00000000
bfffffff
80000000
00000000
00000000
00000000
00000000
00000040
ffffff40
00000000
00000000
00000000
00000000
00000000
00000040
ff800000
00000000
00000000
00000000
00000000
00000000
00000000
00000000
00000000
00000000
00000000
00000000
00000000
00000000
00000000
00000000
00000000
00000000
00000000
00000000
00000000
00000000
00000000
00000000
00000000
00000000
00000000
00000000
00000000
00000000
00000000
00000000
00000000
00000000
00000000
00000000
00000000
00000000
00000000
00000000
00000000
00000000
00000000
00000000
00000000
00000000
00000000
00000000
00000000
00000000
00000000
00000000
00000000
00000000
00000000
00000000
00000000
00000000
00000000
00000000
00000000
00000000
00000000
00000000
00000000
00000000
00000000
00000000
00000000
00000000
0000000f
2f180000
00000000
00000000
00000000
00000000
008f3a92
929292b3
fdc99231
00000000
00000000
00000000
00000000
8ffdf9fd
fdfdfdfd
fdfdfdef
33000000
00000000
00000000
00000000
92fdfdfd
fde1d6d6
dafdfdfd
e11d0000
00000000
00000000
00000000
43fa9373
731f0000
0bb6fdfd
fd260000
00000000
00000000
00000000
000e0400
00000000
08a7fdfd
fd260000
00000000
00000000
00000000
00000000
0000000a
91fdfdfd
ef210000
00000000
00000000
00000000
00000000
000045a8
fdfdfdf5
43000000
00000000
00000000
00000000
00000000
1a61f3fd
fdfde848
00000000
00000000
00000000
00000000
0000126c
cbfdfdfd
ed9a3700
00000000
00000000
00000000
00000000
002edefd
fdfdfd8c
27000000
00000000
00000000
00000000
0000000d
9feafdfd
e6a51e03
00000000
00000346
46460000
00000000
000044b9
fdfdf1ed
40000000
02101010
1093acfd
faee0000
00000000
0000abfd
fdfd3d00
6e747474
80fdfdfd
fdfdfdfd
c7000000
00000000
0000fffd
fdfde1d8
fbfdfdfd
fdfdfdfd
fdc8bfbf
39000000
00000000
000098f7
fdfdfdfd
fdfdfdf6
f5f5f5ec
5c0e0000
00000000
00000000
0000001b
91fafdfd
fdae910d
00000000
00000000
00000000
00000000
00000000
002c2d2d
2d0d0000
00000000
00000000
00000000
00000000
00000000
00000000
00000000
00000000
00000000
00000000
00000000
00000000
00000000
00000000
00000000
00000000
00000000
00000000
00000000
00000000
00000000
00000000
00000000
00000000
00000000
00000000
00000000
00000000
00000000
00000000
00000000
00000000
00000000
00000000
00000000
00000000
00000000
00000000
00000000
00000000
00000000
00000000
00000000
00000000
00000000
00000000
00000000
00000000
00000000
00000000
00000000
00000000
00000000
00000000
00000000
00000000
00000000
00000000
00000000
00000000
00000000
0000000c
80c6c4b3
6f0a0000
00000000
00000000
00000000
00000000
000000e6
fdfefdfd
fde33505
00000000
00000000
00000000
00000000
000000c5
eadcecfd
fdfdfd41
00000000
00000000
00000000
00000000
00000000
29052c54
6cf0fda8
00000000
00000000
00000000
00000000
00000000
00000000
0051efe5
1a000000
00000000
00000000
00000000
00000000
00000000
0000c2e5
1a000000
00000000
00000000
00000000
00000000
00000000
1173f2a8
00000000
00000000
00000000
00000000
00000000
0068ce9b
b9fdfd7b
00000000
00000000
00000000
00000000
00000000
35fffdfd
fdfdde1b
00000000
00000000
00000000
00000000
00000000
06fefdfd
fdfdfa2e
00000000
00000000
00000000
00000000
00000000
00067a7a
7ad0fca9
00000000
00000000
00000000
00000000
00000000
00000000
0000c2a8
00000000
00000000
00000000
00000000
00000000
00000000
0026e7a8
00000000
00000000
00000000
00308900
00000000
00000000
0a62fda8
00000000
00000000
00000000
009dcd00
00000000
00000000
87fdfd8b
00000000
00000000
00000000
009df25a
00000000
00000079
eafde822
00000000
00000000
00000000
009dfdf2
ab390000
002d9aeb
fdfd5300
00000000
00000000
00000000
0028ddfd
fdf1dada
daeefdfd
eb460900
00000000
00000000
00000000
00003cfd
fdfdfdfd
fdfefdb9
3b000000
00000000
00000000
00000000
0000030b
8afdfdfd
c3843f05
00000000
00000000
00000000
00000000
00000000
00000000
00000000
00000000
00000000
00000000
00000000
00000000
00000000
00000000
00000000
00000000
00000000
00000000
00000000
00000000
00000000
00000000
00000000
00000000
00000000
00000000
00000000
00000000
00000000
00000000
00000000
00000000
00000000
00000000
00000000
00000000
00000000
00000000
00000000
00000000
00000000
00000000
00000000
00000000
00000000
00000000
00000000
00000000
00000000
00000000
00000000
00000000
00000000
00000000
00000000
00000000
00000000
00000000
00000000
00000000
00000000
00000000
00000000
00000000
00000000
00000000
00000000
00000000
00000000
00000000
00000000
00000000
00000000
00000000
00000000
00000000
00000000
00000000
00000000
00000000
00000000
00000000
00000000
0000000f
84300900
00000000
00000000
00000000
00000000
00000000
000033c2
fefea400
00000000
00000000
00000000
00000000
00000000
0000b9fe
fee43200
00000000
00000000
00000000
00000000
00000000
000b77fe
fe920000
00000000
00000000
00000000
00000000
00000000
078dfefe
fe1c0000
00000000
00000000
00000000
00000000
00000026
b0fefefe
e8130000
00000000
00000000
00000000
00000000
001190e8
fee8fee8
4d000000
00000000
00000000
00000000
00000005
6ae4fefe
9bc6fef0
7c88d9d9
d9d9d9d9
d9930000
00000000
000019bc
fefefefe
fefefefe
fffefefe
fefefefe
fefe0000
00000000
0000dcfe
fefef2bc
d3fffeaa
00000000
00000016
69990000
00000000
000092d8
8e3b1700
55fee408
00000000
00000000
00000000
00000000
00000000
0000000c
bdfe9400
00000000
00000000
00000000
00000000
00000000
000000b0
fe980d00
00000000
00000000
00000000
00000000
00000000
000073fa
fe330000
00000000
00000000
00000000
00000000
00000000
04aafafe
95020000
00000000
00000000
00000000
00000000
00000000
00aafef7
4e000000
00000000
00000000
00000000
00000000
00000000
00a9fe7b
00000000
00000000
00000000
00000000
00000000
00000000
00192507
00000000
00000000
00000000
00000000
00000000
00000000
00000000
00000000
00000000
00000000
00000000
00000000
00000000
00000000
00000000
00000000
00000000
00000000
00000000
00000000
00000000
00000000
00000000
00000000
00000000
00000000
00000000
00000000
00000000
00000000
00000000
00000000
00000000
00000000
00000000
00000000
00000000
00000000
00000000
00000000
00000000
00000000
00000000
00000000
00000000
00000000
00000000
00000000
00000000
00000000
00000000
00000000
00000000
00000000
00000000
00000000
00000000
00000000
00000000
00000000
00000000
00000000
00000000
00000000
00000000
00000000
00000000
00000000
00000000
00000000
00000000
00000000
00000000
00000000
00000000
00000000
00000000
00000000
00000000
00000104
4d81ad7f
00000000
00000000
00000000
00000000
00000310
468aceff
edab3000
00000000
00000000
00000000
00000004
478fdcfe
fefbaf6b
11000000
00000000
00000000
00000000
000128c2
fefef791
5b1f0000
00000000
00000000
00000000
00000000
11aafefd
a25a1300
00000000
00000000
00000000
00000000
17c05187
f5ef8844
00000000
00000000
00000000
00000000
00000000
33fefefd
c11f0000
00000000
00000000
00000000
00000000
00000000
93fefb70
00000000
00000000
00000000
00000000
00000000
00000000
f8fef500
00000000
00000000
00000000
00000000
00000000
00000000
3cffed00
00000000
00000000
00000000
00000000
00000000
00000000
02e88e00
00000000
00000000
00000000
00000000
00000000
00000000
0079d912
00000000
00000000
00000000
00000000
00000000
00000000
0001b7de
45000000
00000000
00000000
00000000
00000000
00000000
000009c1
f4200000
00000000
00000000
00000000
00000000
00000000
00000096
fe2f0000
00000000
00000000
00000000
00000000
00000000
000007ee
e3030000
00000000
00000000
00000000
00000000
00000000
000061fe
83000000
00000000
00000000
00000000
00000000
00000000
002fe1eb
1d000000
00000000
00000000
00000000
00000000
00000000
4ecffa2e
00000000
00000000
00000000
00000000
00000000
00000000
80802e00
00000000
00000000
00000000
00000000
00000000
00000000
00000000
00000000
00000000
00000000
00000000
00000000
00000000
00000000
00000000
00000000
00000000
00000000
00000000
00000000
00000000
00000000
00000000
00000000
00000000
00000000
00000000
00000000
00000000
00000000
00000000
00000000
00000000
00000000
00000000
00000000
00000000
00000000
00000000
00000000
00000000
0072ff39
00000000
00000000
00000000
00000000
00000000
00000000
00e2ff39
00000000
00000000
00000000
00000000
00000000
00000000
1dff7200
00000000
00000000
00000000
00000000
00000000
00000000
72ff5600
00000000
00000000
00000000
00000000
00000000
00000000
c6ff1d00
00000000
00000000
00000000
00000000
00000000
0000001d
ffe20000
00000000
00000000
00000000
00000000
00000000
0000008d
ff8d0000
00000000
3956568d
39000000
00000000
00000000
000000aa
ff560000
00000039
e2ffffff
ff390000
00000000
00000000
000000aa
ff560000
000000aa
ffff7239
e2c60000
00000000
00000000
000000aa
ff560000
000039ff
ff560000
aaff0000
00000000
00000000
000000aa
ff560000
0000aaff
56000000
aaff5600
00000000
00000000
0000008d
ff720000
001dffc6
00000000
aaff5600
00000000
00000000
0000001d
ffff0000
00aaff72
00000000
c6e20000
00000000
00000000
00000000
c6ff7200
00aaff56
00000056
ff720000
00000000
00000000
00000000
56ffffaa
39ffff1d
000056e2
e21d0000
00000000
00000000
00000000
0072e2ff
ffffff56
56aaffff
39000000
00000000
00000000
00000000
00001d8d
ffffffff
ffffc61d
00000000
00000000
00000000
00000000
00000000
00e2ffff
8d560000
00000000
00000000
00000000
00000000
00000000
008dffff
aaaa3900
00000000
00000000
00000000
00000000
00000000
00008de2
aa721d00
00000000
00000000
00000000
00000000
00000000
00000000
00000000
00000000
00000000
00000000
00000000
00000000
00000000
00000000
00000000
00000000
00000000
00000000
00000000
00000000
00000000
00000000
00000000
00000000
00000000
00000000
00000000
00000000
00000000
00000000
00000000
00000000
00000000
00000000
00000000
00000000
00000000
00000000
00000000
00000000
00000000
00000000
00000000
00000000
00000000
00000000
00000000
00000000
00000000
00000000
00000000
00000000
00000000
00000000
00000000
00000000
00000000
00000000
00000000
00000000
00000000
00000000
00000000
00000000
00000000
00000000
00000000
00000000
00000000
00000000
00000000
00000000
00000000
00000000
00000000
00000000
00000000
00000000
00000000
00000000
00000000
00000000
00000000
00000000
00000000
00000000
00000000
00000000
00000000
00000000
00000000
00000000
00000000
00002f4e
4f6d6d6d
6d6d6e6d
d4fdfffd
e86d6e6d
1f000000
00000000
0000e9f2
f2fcfcfc
fcfcfdfc
fcfcfdfc
fcfcfdfc
c3000000
00000000
0000fdfc
fcfcfcfc
fcfcfdfc
fcfcfdfc
fcfcfdfc
f1620000
00000000
00006ce8
fcfcfcfc
fcfcfdfc
fcfcbf6c
6c6caafc
fcfc0000
00000000
00000000
688f5200
00000000
00000000
00006dfc
fcfc0000
00000000
00000000
00000000
00000000
00000000
00006dfc
fcd20000
00000000
00000000
00000000
00000000
00000000
000081fc
f65c0000
00000000
00000000
00000000
00000000
00000000
0000fdfc
d7000000
00000000
00000000
00000000
00000000
00000000
0091fffd
d9000000
00000000
00000000
00000000
00000000
00000000
0090fdfc
d7000000
00000000
00000000
00000000
00000000
00000000
0090fdfc
c3000000
00000000
00000000
00000000
00000000
00000000
0090fdfc
47000000
00000000
00000000
00000000
00000000
00000000
10bffffd
48000000
00000000
00000000
00000000
00000000
00000000
25fcfde7
33000000
00000000
00000000
00000000
00000000
00000000
20ecfdbe
0b000000
00000000
00000000
00000000
00000000
00000000
0090fdfc
47000000
00000000
00000000
00000000
00000000
00000000
25fdffb4
00000000
00000000
00000000
00000000
00000000
00000000
25fcfdb3
00000000
00000000
00000000
00000000
00000000
00000000
0baffdb3
00000000
00000000
00000000
00000000
00000000
00000000
003ebf4d
00000000
00000000
00000000
00000000
00000000
00000000
00000000
00000000
00000000
00000000
00000000
00000000
00000000
00000000
00000000
00000000
00000000
00000000
00000000
00000000
00000000
00000000
00000000
00000000
00000000
00000000
00000000
00000000
00000000
00000000
00000000
00000000
00000000
00000000
00000000
00000000
00000000
00000000
00000000
00000000
0b58aad2
fecd7b0d
00000000
00000000
00000000
00000000
00000020
c6fdfde5
f3fdfdc0
00000000
00000000
00000000
00000000
000000b2
fdd72d09
0c44d2fd
66000000
00000000
00000000
00000000
000000bb
f6200000
000051ef
e90e0000
00000000
00000000
00000000
000012eb
f2120000
00003aa6
fa800000
00000000
00000000
00000000
000009df
f8230000
00000fa2
ffe50900
00000000
00000000
00000000
000000bb
f6360000
002cd4fd
f7520000
00000000
00000000
00000000
00000057
f8b40702
75f4fdde
23000000
00000000
00000000
00000000
00000000
ddfd82b3
fdfa9721
00000000
00000000
00000000
00000000
00000000
81fdfdfe
d53a0000
00000000
00000000
00000000
00000000
00000019
c5fefeca
0e000000
00000000
00000000
00000000
00000000
00004ae8
fdfdfdc4
0b000000
00000000
00000000
00000000
00000000
0031cdfd
be4c7dfe
78000000
00000000
00000000
00000000
00000000
30d3fe9f
150017fe
dd1d0000
00000000
00000000
00000000
00000005
cbfdb706
0000008f
fd510000
00000000
00000000
00000000
0000003c
fedf1700
0000004b
fe800000
00000000
00000000
00000000
0000003c
fdae0000
0000005c
fdb00000
00000000
00000000
00000000
00000001
63fbbb3c
0000249d
fd740000
00000000
00000000
00000000
00000000
0077f1ef
c2c2f6fe
bd190000
00000000
00000000
00000000
00000000
00001ea5
cdda9c69
1b000000
00000000
00000000
00000000
00000000
00000000
00000000
00000000
00000000
00000000
00000000
00000000
00000000
00000000
00000000
00000000
00000000
00000000
00000000
00000000
00000000
00000000
00000000
00000000
00000000
00000000
00000000
00000000
00000000
00000000
00000000
00000000
00000000
00000000
00000000
00000000
00000000
00000000
00000000
00000000
00000000
00000000
00000000
00000000
00000000
00000000
00000000
00000000
00000000
00000000
00000000
00000000
00000000
00000000
00000000
00000000
00000000
00000000
00000000
00000000
00000000
00000000
00000000
00000000
00000000
00000000
00000000
00000000
00000065
defdfdff
ce190000
00000000
00000000
00000000
00000000
0030e2f9
fcfcfcfd
fcb4007e
e2641300
00000000
00000000
00000000
008cfdfc
fcfcfcfd
fcd049e3
fdfc3700
00000000
00000000
00000000
23d7fdfc
d663effd
fcfcfcfc
fdfc3700
00000000
00000000
00000020
d7fcfdfc
76008cfd
fcfcfcfc
fdfc3700
00000000
00000000
00000039
fdfdfffd
38000000
0039fdfd
ff6a0000
00000000
00000000
00000039
fcfcfdfc
67000000
4cc8fcfc
fd1b0000
00000000
00000000
00000039
fcfcfdfc
d0330039
e7fcfcfc
e4150000
00000000
00000000
00000013
63effdfc
fcf2a9fd
fcfcfcec
2f000000
00000000
00000000
00000000
003ffdfc
fcfcfcfd
fcfcfc70
00000000
00000000
00000000
00000000
0000007e
e5fdfdff
fdfdfd70
00000000
00000000
00000000
00000000
00000000
152bd6fd
fcfce20c
00000000
00000000
00000000
00000000
00000000
0007a5fd
fcfcc000
00000000
00000000
00000000
00000000
00000000
002cfcfd
fcf54a00
00000000
00000000
00000000
00000000
00000000
20d7fcfd
fcc30000
00000000
00000000
00000000
00000000
00000000
39fdfdff
fdc40000
00000000
00000000
00000000
00000000
00000000
68fcfcfd
fcc30000
00000000
00000000
00000000
00000000
000078c5
f0fcfcfd
fca40000
00000000
00000000
00000000
00000000
0000edfc
fcfcfcfd
fc370000
00000000
00000000
00000000
00000000
000032ed
fcfcfcfd
cc190000
00000000
00000000
00000000
00000000
00000000
00000000
00000000
00000000
00000000
00000000
00000000
00000000
00000000
00000000
00000000
00000000