00000000
00000000
00000000
00000000
00000000
00000000
00000000
00000000
00000000
00000000
00000000
00000000
00000000
00000000
00000000
00000000
00000000
00000000
00000000
00000000
00000000
00000000
00000000
00000000
31b4fdf4
32000000
00000000
00000000
00000000
00000000
00000000
b8fcfce8
a4000000
00000000
00000000
00000000
00000000
00000042
eafc8826
38000000
00000000
00000000
00000000
00000000
000013ec
fcb00400
00000000
00000000
00000000
00000000
00000000
00004cfc
fc380000
00000000
00000000
00000000
00000000
00000000
00008bfd
ad000000
00000000
00000000
00000000
00000000
00000000
0016d4fc
45000000
00000000
00000000
00000000
00000000
00000000
0074fdf0
32000000
00000000
00000000
00000000
00000000
00000000
009dfdce
00000000
00000000
00000000
00000000
00000000
00000000
00e6fd66
00000000
00000000
00000000
00000000
00000000
00000000
00e7ffb4
8ab4fdff
fdde6103
00000000
00000000
00000000
00000000
00e6fdfc
fcfcfcd3
fcfcfc75
00000000
00000000
00000000
00000000
00e6fdf0
b7594507
45abfcfc
55000000
00000000
00000000
00000000
0087fd99
00000000
000dd7fc
74000000
00000000
00000000
00000000
0074fdce
00000000
00009bfc
74000000
00000000
00000000
00000000
006affd3
07000000
0031e9fd
74000000
00000000
00000000
00000000
00009ffc
9a090000
1ec5fcfc
5f000000
00000000
00000000
00000000
000011e3
fc9a4651
e4fce382
00000000
00000000
00000000
00000000
00000032
e3fcfcfd
fcb93200
00000000
00000000
00000000
00000000
00000000
30b3fcbe
75060000
00000000
00000000
00000000
00000000
00000000
00000000
00000000
00000000
00000000
00000000
00000000
00000000
00000000
00000000
00000000
00000000
00000000
00000000
00000000
00000000
00000000
00000000
00000000
00000000
00000000
00000000
00000000
00000000
00000000
00000000
00000000
00000000
00000000
00000000
00000000
00000000
00000000
00000000
00000000
00000000
00000000
00000000
00000000
00000000
00000000
00000000
00000000
00000000
00000000
00000000
00000000
00000000
00000000
00000000
00000000
00000000
00000000
00000000
00000000
00000000
0072ff39
00000000
00000000
00000000
00000000
00000000
00000000
00e2ff39
00000000
00000000
00000000
00000000
00000000
00000000
1dff7200
00000000
00000000
00000000
00000000
00000000
00000000
72ff5600
00000000
00000000
00000000
00000000
00000000
00000000
c6ff1d00
00000000
00000000
00000000
00000000
00000000
0000001d
ffe20000
00000000
00000000
00000000
00000000
00000000
0000008d
ff8d0000
00000000
3956568d
39000000
00000000
00000000
000000aa
ff560000
00000039
e2ffffff
ff390000
00000000
00000000
000000aa
ff560000
000000aa
ffff7239
e2c60000
00000000
00000000
000000aa
ff560000
000039ff
ff560000
aaff0000
00000000
00000000
000000aa
ff560000
0000aaff
56000000
aaff5600
00000000
00000000
0000008d
ff720000
001dffc6
00000000
aaff5600
00000000
00000000
0000001d
ffff0000
00aaff72
00000000
c6e20000
00000000
00000000
00000000
c6ff7200
00aaff56
00000056
ff720000
00000000
00000000
00000000
56ffffaa
39ffff1d
000056e2
e21d0000
00000000
00000000
00000000
0072e2ff
ffffff56
56aaffff
39000000
00000000
00000000
00000000
00001d8d
ffffffff
ffffc61d
00000000
00000000
00000000
00000000
00000000
00e2ffff
8d560000
00000000
00000000
00000000
00000000
00000000
008dffff
aaaa3900
00000000
00000000
00000000
00000000
00000000
00008de2
aa721d00
00000000
00000000
00000000
00000000
00000000
00000000
00000000
00000000
00000000
00000000
00000000
00000000
00000000
00000000
00000000
00000000
00000000
00000000
00000000
00000000
00000000
00000000
00000000
00000000
00000000
00000000
00000000
00000000
00000000
00000000
00000000
00000000
00000000
00000000
00000000
00000000
00000000
00000000
00000000
00000000
00000000
00000000
00000000
00000000
00000000
00000000
00000000
00000000
00000000
00000000
00000000
00000000
00000000
00000000
00000000
00000000
00000000
00000000
00000000
00000000
00000000
00000000
00000000
00000000
00000000
00000000
00000000
00000000
00000000
00000000
00000000
00000000
00000000
00000000
00000000
00000000
4598edfe
fefffefc
34000000
00000000
00000000
00000000
0057a4ed
fdfeda8a
53279afe
87000000
00000000
00000000
0000008a
f6fdfed8
a7360500
000064bf
03000000
00000000
00000000
000000e9
fea93506
00000000
00002308
00000000
00000000
00000000
000000ae
fe5e0000
00000000
00000000
00000000
00000000
00000000
000026f5
dd0d0000
00000000
00000000
00000000
00000000
00000000
00008efe
95000000
00000000
00000000
00000000
00000000
00000000
000097fe
70000000
00000000
00000000
00000000
00000000
00000000
0000e2f2
20000000
00000000
00000000
00000000
00000000
00000000
000cf0cb
2c2c2c2c
08000000
00000000
00000000
00000000
00000000
0046fefe
fefefefe
cd550800
00000000
00000000
00000000
00000000
0025b8a9
8585a2d4
fefea608
00000000
00000000
00000000
00000000
00000000
00000009
33b1fe7d
00000000
00000000
00000000
00000000
00000000
00000000
1bd1fe68
00000000
00000000
00000000
00000000
00000000
0000003f
d1fec20d
00000000
00000000
00000000
00000000
00000006
000a89f4
fec63400
00000000
00000000
00000000
00000000
000d577a
93dffef7
7f0d0000
00000000
00000000
00000000
00000003
76fad2f8
fefcc731
00000000
00000000
00000000
00000000
0000008a
fefefefa
c9480000
00000000
00000000
00000000
00000000
0000004f
a7c55707
00000000
00000000
00000000
00000000
00000000
00000000
00000000
00000000
00000000
00000000
00000000
00000000
00000000
00000000
00000000
00000000
00000000
00000000
00000000
00000000
00000000
00000000
00000000
00000000
00000000
00000000
00000000
00000000
00000000
00000000
00000000
00000000
00000000
00000000
00000000
00000000
00000000
00000000
00000000
00000000
00000000
00000000
00000000
00000000
00000000
00000000
00000000
00000000
00000000
00000000
00000000
00000000
00000000
00000000
00000000
00000000
00000000
00000000
00000000
00000000
00000000
00000000
000000c5
3c000000
00000000
00000000
00000000
00000000
00000000
000032f3
2a000000
00000000
00000000
00000000
00000000
00000000
0002baec
15000000
86530000
00000000
00000000
00000000
00000000
0058d51a
00000000
81aa0000
00000000
00000000
00000000
00000000
00807800
00000000
5bd10000
00000000
00000000
00000000
00000000
20ea7000
00000000
5bf21e00
00000000
00000000
00000000
00000000
74de1500
00000000
aaf43a00
00000000
00000000
00000000
0000001e
f07c0000
00000028
f98a0000
00000000
00000000
00000000
0000037f
f1120000
0000000f
e6860000
00000000
00000000
00000000
000010fe
b3000000
00000000
a5860000
00000000
00000000
00000000
000009bf
e9886514
00000000
71d71f1f
1f020000
00000000
00000000
00000008
5980c2da
d2d2d3d2
e2fefecc
78070000
00000000
00000000
00000000
0000000a
0f255a5a
c4f12205
00000000
00000000
00000000
00000000
00000000
00000000
a5e91000
00000000
00000000
00000000
00000000
00000000
00000000
a58f0000
00000000
00000000
00000000
00000000
00000000
00000000
5bbc0000
00000000
00000000
00000000
00000000
00000000
00000000
5be92200
00000000
00000000
00000000
00000000
00000000
00000000
14fe3d00
00000000
00000000
00000000
00000000
00000000
00000000
04d1db00
00000000
00000000
00000000
00000000
00000000
00000000
006ba600
00000000
00000000
00000000
00000000
00000000
00000000
00000000
00000000
00000000
00000000
00000000
00000000
00000000
00000000
00000000
00000000
00000000
00000000
00000000
00000000
00000000
00000000
00000000
00000000
00000000
00000000
00000000
00000000
00000000
00000000
00000000
00000000
00000000
00000000
00000000
00000000
00000000
00000000
00000000
00000000
00000000
00000000
00000000
00000000
00000000
00000000
00000000
00000000
00000000
00000000
00000000
00000000
00000000
00000000
000350c3
55505050
0e000000
00000000
00000000
00000000
00000000
0009fdfd
fdfdfdfd
98000000
00000000
00000000
00000000
000b3e38
0009fdfd
fdfdfdfd
fbed3900
00000000
00000000
00000000
008dfdf1
5304a1fd
fdfdfdfd
fdfd3c00
00000000
00000000
0000000b
8df8fdfd
930049d1
fcfdfdfd
fdfdd400
00000000
00000000
00000093
fdfdfdfd
c7220000
a0fd8ec2
fdfdf44d
00000000
00000000
000988fa
fdfdfdfd
fd450000
0f34051b
c9fdfd9c
00000000
00000000
0050fdfd
fdfdfdfd
d1290000
00000000
24fdfdc4
21000000
00000000
0056fdfd
fdfdfdea
29000000
00000000
2afdfdfd
4e000000
00000000
00fefdfd
fdfdfda5
00000000
00000000
d3fdfdfd
4e000000
00000000
00fefdfd
fdfdac12
00000000
00000000
d3fdfdfd
4e000000
00000000
00fefdfd
fdd20400
00000000
002ae5f6
fcfdfd9f
03000000
00000000
00fefdfd
fdd10000
00000063
95d2fdfd
fdfdf241
00000000
00000000
00fffdfd
fdda3535
35b4e4f4
fdfdfdfd
fdfd4d00
00000000
00000000
00a3fdfd
fdfdfdfd
fdfdfdfd
fdfdfdfd
fdc11d00
00000000
00000000
0050fdfd
fdfdfdfd
fdfdfdfd
fdfdfdea
c1180000
00000000
00000000
002cd2fd
fdfdfdfd
fdfdfdfd
fdfde543
00000000
00000000
00000000
000026e4
fdfdfdfd
fdfdfdfd
f8eb4100
00000000
00000000
00000000
00000027
d2fdfdfd
fdfdfdbd
72000000
00000000
00000000
00000000
00000000
2b6cfdfd
b34e4e1b
00000000
00000000
00000000
00000000
00000000
00000000
00000000
00000000
00000000
00000000
00000000
00000000
00000000
00000000
00000000
00000000
00000000
00000000
00000000
00000000
00000000
00000000
00000000
00000000
00000000
00000000
00000000
00000000
00000000
00000000
00000000
00000000
00000000
00000000
00000000
00000000
00000000
00000000
00000000
00000000
00000000
00000000
00000000
00000000
00000000
00000000
00000000
00000000
00000000
00000000
00000000
00000000
00000000
00000000
00000000
00000000
00000000
00000000
00000000
00000000
00000000
00000000
00000000
00000000
00000000
00000000
00000000
00000000
00000000
00000000
00000000
00000000
00000000
00000000
00000000
00000000
00000000
00000000
00000000
00000000
00000000
00000000
00000000
00000000
00000000
00000000
00000000
00000000
00001500
00000b5c
adfdfefd
fefd3e00
00000000
00000000
00000000
00008e00
1566d5fc
e9978383
fdfc8e00
00000000
00000000
00000000
00a39898
d6e9b766
00000000
84fdff32
00000000
00000000
00000000
52f3fdfc
831e0000
00000000
0ad4fd83
00000000
00000000
00000000
7bcb6614
00000000
00000000
00cbff97
00000000
00000000
00000000
00000000
00000000
00000000
00a2fd97
00000000
00000000
00000000
00000000
00000000
00000000
0066fe97
00000000
00000000
00000000
00000000
00000000
00000000
0066fd97
00000000
00000000
00000000
00000000
00000000
00000000
00a3fe5b
00000000
00000000
00000000
00000000
00000000
00000000
00cbfd32
00000000
00000000
00000000
00000000
00000000
00000000
00cbcb00
00000000
00000000
00000000
00000000
00000000
00000000
15df7a00
00000000
00000000
00000000
00000000
00000000
00000000
48fd6600
00000000
00000000
00000000
00000000
00000000
00000000
e9fc6600
00000000
00000000
00000000
00000000
00000000
00000000
fee90000
00000000
00000000
00000000
00000000
00000000
00000029
fd970000
00000000
00000000
00000000
00000000
00000000
0000007b
fe320000
00000000
00000000
00000000
00000000
00000000
000015df
e91e0000
00000000
00000000
00000000
00000000
00000000
000033fd
b7000000
00000000
00000000
00000000
00000000
00000000
000033fc
14000000
00000000
00000000
00000000
00000000
00000000
00000000
00000000
00000000
00000000
00000000
00000000
00000000
00000000
00000000
00000000
00000000
00000000
00000000
00000000
00000000
00000000
00000000
00000000
00000000
00000000
00000000
00000000
00000000
00000000
00000000
00000000
00000000
00000000
00000000
00000000
00000000
00000000
00000000
00000000
00000000
dd730000
00000000
00000000
00000000
00000000
00000000
00000033
fe940000
000016e6
86000000
00000000
00000000
00000000
000000a8
fe730000
000018fd
b8000000
00000000
00000000
00000000
000033ea
fe510000
00005bfd
b8000000
00000000
00000000
00000000
000dddfe
a0000000
00008dfe
7f000000
00000000
00000000
00000000
0072fdfd
4c000000
0000cffd
5d000000
00000000
00000000
00000000
0fe8fd66
00000000
0000cffd
11000000
00000000
00000000
00000000
e5fdca13
00000000
0022f0fd
00000000
00000000
00000000
000007aa
fefe2e00
00000000
002ffefe
00000000
00000000
00000000
000018fd
fefdeaa3
2f2f1a00
0082fdfd
00000000
00000000
00000000
000015f6
fefdfdfd
fefde8ae
d0e8fdb1
00000000
00000000
00000000
00000054
a1d3dbdb
fefdfdfd
fefdf445
00000000
00000000
00000000
00000000
00000000
5d8e8e5d
aafee600
00000000
00000000
00000000
00000000
00000000
00000000
99fdd500
00000000
00000000
00000000
00000000
00000000
00000000
aafd8900
00000000
00000000
00000000
00000000
00000000
00000000
dcfd8900
00000000
00000000
00000000
00000000
00000000
0000003c
fffe5000
00000000
00000000
00000000
00000000
00000000
0000005d
fefd2e00
00000000
00000000
00000000
00000000
00000000
00000033
fed70900
00000000
00000000
00000000
00000000
00000000
00000000
ba6a0000
00000000
00000000
00000000
00000000
00000000
00000000
00000000
00000000
00000000
00000000
00000000
00000000
00000000
00000000
00000000
00000000
00000000
00000000
00000000
00000000
00000000
00000000
00000000
00000000
00000000
00000000
00000000
00000000
00000000
00000000
00000000
00000000
00000000
00000000
00000000
00000000
00000000
00000000
00000000
00000000
00000000
00000000
00000000
00000000
00000000
00000000
00000000
00000000
00000000
00000000
00000000
00000000
00000000
00000000
00000000
00000000
00000000
00000000
00000000
00000000
0020fffe
fffefefe
9d825801
00000000
00000000
00000000
00000000
0020fdfd
fdfdfdfd
fdfdfd6c
02000000
00000000
00000000
00000000
000e81ee
fdfdfdfd
fdfdfdfd
1e000000
00000000
00000000
00000000
00000038
fdf8a7eb
fdfdfdfd
68000000
00000000
00000000
00000000
000005b2
fdb6001b
86f7fdfd
d70f0000
00000000
00000000
00000000
000582fd
de1b0000
00bafdfd
fd180000
00000000
00000000
00000000
0020fdfd
7a000000
0043f6fd
fd6a0000
00000000
00000000
00000000
0075fdc7
19000000
0000bbfd
fd940000
00000000
00000000
00000000
2ee1f543
00000000
000058fd
fd940000
00000000
00000000
00000000
95fdb900
00000000
000058fd
fd940000
00000000
00000000
0000000f
e4fd5d00
00000000
000058fd
fd940000
00000000
00000000
00000013
fdfd5d00
00000000
000058fd
fd940000
00000000
00000000
00000013
fdfd5d00
00000000
000058fd
fd6d0000
00000000
00000000
00000013
fdfd8600
00000000
000058fd
db100000
00000000
00000000
00000013
fdfde620
00000000
000084fd
9a000000
00000000
00000000
00000013
fdfdfde9
78004a64
64c8f8d9
21000000
00000000
00000000
00000002
9ffdfdfd
f9e6f7fd
fdfdfd6d
00000000
00000000
00000000
00000000
5ffdfdfd
fdfdfdfd
fdfd7603
00000000
00000000
00000000
00000000
0229fdfd
fdfdfdfd
fd770200
00000000
00000000
00000000
00000000
00103358
d6a56305
05010000
00000000
00000000
00000000
00000000
00000000
00000000
00000000
00000000
00000000
00000000
00000000
00000000
00000000
00000000
00000000
00000000
00000000
00000000
00000000
00000000
00000000
00000000
00000000
00000000
00000000
00000000
00000000
00000000
00000000
00000000
00000000
00000000
00000000
00000000
00000000
00000000
00000000
00000000
00000000
00000000
00000000
00000000
00000000
00000000
00000000
00000000
00000000
00000000
00000000
00000000
00000000
00000000
00000000
000000da
fd0b0000
00000000
00000000
00000000
00000000
00000000
000000d9
fc5c0000
00000000
00000000
00000000
00000000
00000000
000000c8
fcfc0000
00000000
00000000
00000000
00000000
00000000
0000004f
ccfa1800
00000000
00000000
00000000
00000000
00000000
00000000
4ff99500
00000000
00000000
00000000
00000000
00000000
00000000
6dfcf100
00000000
00000000
00000000
00000000
00000000
00000000
cffcf100
00000000
00000000
00000000
00000000
00000000
00000000
7efcf100
00000000
00000000
00000000
00000000
00000000
00000000
a0fcf100
00000000
00000000
00000000
00000000
00000000
00000000
e5fcfd67
00000000
00000000
00000000
00000000
00000000
00000000
35b8ffab
00000000
00000000
00000000
00000000
00000000
00000000
0079fde4
00000000
00000000
00000000
00000000
00000000
00000000
0079fde4
00000000
00000000
00000000
00000000
00000000
00000000
0079fde4
00000000
00000000
00000000
00000000
00000000
00000000
0079fde4
00000000
00000000
00000000
00000000
00000000
00000000
00d5fdeb
1c000000
00000000
00000000
00000000
00000000
00000000
00c9fdfc
60000000
00000000
00000000
00000000
00000000
00000000
0079fdfc
60000000
00000000
00000000
00000000
00000000
00000000
0079fdfc
60000000
00000000
00000000
00000000
00000000
00000000
0040c3f1
32000000
00000000
00000000
00000000
00000000
00000000
00000000
00000000
00000000
00000000
00000000
00000000
00000000
00000000
00000000
00000000
00000000
00000000
00000000
00000000
00000000
00000000
00000000
00000000
00000000
00000000
00000000
00000000
00000000
00000000
00000000
00000000
00000000
00000000
00000000
00000000
00000000
00000000
00000000
00000000
00000000
00000000
00000000
00000000
00000000
00000000
00000000
00000000
00000000
00000000
00000000
00000000
00000000
00000000
00000000
00000000
00000000
00000000
00000000
00000000
00000000
00000000
00000000
00000000
00000000
00000000
00000000
00000000
00000000
00000000
00000000
00000000
00000000
00000000
00000015
71c1fefd
fefdfeac
52000000
00000000
00000000
00000000
000000b7
fdfcfdfc
fdfcfdfc
f3280000
00000000
00000000
00000000
000000cb
ffe9b766
cbcbeafd
fe970000
00000000
00000000
00000000
00000051
97320000
0029c1fc
fd6f0000
00000000
00000000
00000000
00000000
00000000
0bd5fefd
cb000000
00000000
00000000
00000000
00000000
0000007b
d5fcfdfc
51000000
00000000
00000000
00000000
00000000
000033fd
fefdfe97
15000000
00000000
00000000
00000000
00000000
00000ad4
fdfcfde8
df7a5200
00000000
00000000
00000000
00000000
00000000
7bdffefd
fefdfe47
00000000
00000000
00000000
00000000
00000000
00143283
d5fcfdc0
00000000
00000000
00000000
00000000
00000000
00000000
15a2fefd
66000000
00000000
00000000
00000000
00000000
00000000
15cbfdfc
3d000000
00000000
00000000
00000000
00000000
00000000
84fdfe5b
00000000
00000000
00000000
00000000
00000000
0000158e
fdfce91e
00000000
00000000
00000000
00000000
00000000
0029d6fd
fed50000
00000000
00000000
00000000
00000000
00000000
a3f3fdfc
ac0a0000
00000000
00000000
00000000
00000000
0badadfd
fffde051
00000000
00000000
00000000
00000000
00000000
84fcfdfc
fdab1400
00000000
00000000
00000000
00000000
00000000
99fdf4cb
52000000
00000000
00000000
00000000
00000000
00000000
5cc07a00
00000000
00000000
00000000
00000000
00000000
00000000
00000000
00000000
00000000
00000000
00000000
00000000
00000000
00000000
00000000
00000000
00000000
00000000
