00000000
00000000
00000000
00000000
00000000
00000000
00000000
00000000
00000000
00000000
00000000
00000000
00000000
00000000
00000000
00000000
00000000
00000000
00000000
00000000
00000000
00000000
00000000
0000747d
abffff96
5d000000
00000000
00000000
00000000
00000000
00a9fdfd
fdfdfdfd
da1e0000
00000000
00000000
00000000
00000000
a9fdfdfd
d58eb0fd
fd7a0000
00000000
00000000
00000000
00000034
fafdd220
0c0006ce
fd8c0000
00000000
00000000
00000000
0000004d
fbd21900
00007af8
fd410000
00000000
00000000
00000000
00000000
1f120000
0000d1fd
fd410000
00000000
00000000
00000000
00000000
00000000
0075f7fd
c60a0000
00000000
00000000
00000000
00000000
00000000
4cf7fde7
3f000000
00000000
00000000
00000000
00000000
00000000
80fdfd90
00000000
00000000
00000000
00000000
00000000
000000b0
f6fd9f0c
00000000
00000000
00000000
00000000
00000000
000019ea
fde92300
00000000
00000000
00000000
00000000
00000000
0000c6fd
fd8d0000
00000000
00000000
00000000
00000000
00000000
004ef8fd
bd0c0000
00000000
00000000
00000000
00000000
00000000
13c8fdfd
8d000000
00000000
00000000
00000000
00000000
00000000
86fdfdad
0c000000
00000000
00000000
00000000
00000000
00000000
f8fdfd19
00000000
00000000
00000000
00000000
00000000
00000000
f8fdfd2b
14141414
05000514
14259696
96930a00
00000000
00000000
f8fdfdfd
fdfdfdfd
a88fa6fd
fdfdfdfd
fdfd7b00
00000000
00000000
aefdfdfd
fdfdfdfd
fdfdfdfd
f9f7f7a9
75753900
00000000
00000000
00767b7b
7ba6fdfd
fd9b7b7b
29000000
00000000
00000000
00000000
00000000
00000000
00000000
00000000
00000000
00000000
00000000
00000000
00000000
00000000
00000000
00000000
00000000
00000000
00000000
00000000
00000000
00000000
00000000
00000000
00000000
00000000
00000000
00000000
00000000
00000000
00000000
00000000
00000000
00000000
00000000
00000000
00000000
00000000
00000000
00000000
00000000
00000000
00000000
00000000
00000000
00000000
00000000
00000000
00000000
00000000
00000000
00000000
00000000
00000000
00000000
00000000
00000000
00000000
00000000
00000000
00000000
00000000
00000000
00000000
00000000
00000000
00000000
00000000
00000000
26fe6d00
00000000
00000000
00000000
00000000
00000000
00000000
57fc5200
00000000
00000000
00000000
00000000
00000000
00000000
87f10000
00000000
00000000
00000000
00000000
00000000
0000002d
f4960000
00000000
00000000
00000000
00000000
00000000
00000054
fe3f0000
00000000
00000000
00000000
00000000
00000000
000000ca
df0b0000
00000000
00000000
00000000
00000000
00000000
000020fe
d8000000
00000000
00000000
00000000
00000000
00000000
00005ffe
c3000000
00000000
00000000
00000000
00000000
00000000
00008cfe
4d000000
00000000
00000000
00000000
00000000
00000000
0039edcd
08000000
00000000
00000000
00000000
00000000
00000000
007cffa5
00000000
00000000
00000000
00000000
00000000
00000000
00abfe51
00000000
00000000
00000000
00000000
00000000
00000000
18e8d700
00000000
00000000
00000000
00000000
00000000
00000000
78fe9f00
00000000
00000000
00000000
00000000
00000000
00000000
97fe8e00
00000000
00000000
00000000
00000000
00000000
00000000
e4fe4200
00000000
00000000
00000000
00000000
00000000
0000003d
fbfe4200
00000000
00000000
00000000
00000000
00000000
0000008d
fecd0300
00000000
00000000
00000000
00000000
00000000
00000ad7
fe790000
00000000
00000000
00000000
00000000
00000000
000005c6
b00a0000
00000000
00000000
00000000
00000000
00000000
00000000
00000000
00000000
00000000
00000000
00000000
00000000
00000000
00000000
00000000
00000000
00000000
00000000
00000000
00000000
00000000
00000000
00000000
00000000
00000000
00000000
00000000
00000000
00000000
00000000
00000000
00000000
00000000
00000000
00000000
00000000
00000000
00000000
00000000
00000000
00000000
00000000
00000000
00000000
00000000
00000000
00000000
00000000
00000000
00000000
00000000
00000000
00000000
00000000
00000000
00000000
00000000
00000000
00000000
00000000
00000000
00000000
0b96fdca
1f000000
00000000
00000000
00000000
00000000
00000000
25fbfbfd
6b000000
00000000
00000000
00000000
00000000
00000015
c5fbfbfd
6b000000
00000000
00000000
00000000
00000000
00006ebe
fbfbfbfd
a96d3e00
00000000
00000000
00000000
00000000
0000fdfb
fbfbfbfd
fbfbdc33
00000000
00000000
00000000
00000000
00b6fffd
fdfdfdea
defdfdfd
00000000
00000000
00000000
00000000
3fddfdfb
fbfb934d
3e80fbfb
69000000
00000000
00000000
00000020
e7fbfdfb
dc890a00
001fe6fb
f3710500
00000000
00000000
00000025
fbfbfdbc
14000000
00006dfb
fdfb2300
00000000
00000000
00000025
fbfbc91e
00000000
00001fc8
fdfb2300
00000000
00000000
00000025
fdfd0000
00000000
000020ca
fffda400
00000000
00000000
0000008c
fbfb0000
00000000
00006dfb
fdfb2300
00000000
00000000
000000d9
fbfb0000
00000000
153fe7fb
fde61e00
00000000
00000000
000000d9
fbfb0000
00000000
90fbfbfb
dd3d0000
00000000
00000000
000000d9
fbfb0000
000000b6
ddfbfbfb
b4000000
00000000
00000000
000000da
fdfd4949
e4fdfdff
fdfdfdfd
00000000
00000000
00000000
00000071
fbfbfdfb
fbfbfbfd
fbfbfb93
00000000
00000000
00000000
0000001f
e6fbfdfb
fbfbfbfd
e6bd230a
00000000
00000000
00000000
00000000
3e8efdfb
fbfbfbfd
6b000000
00000000
00000000
00000000
00000000
000048ae
fbad4748
1e000000
00000000
00000000
00000000
00000000
00000000
00000000
00000000
00000000
00000000
00000000
00000000
00000000
00000000
00000000
00000000
00000000
00000000
00000000
00000000
00000000
00000000
00000000
00000000
00000000
00000000
00000000
00000000
00000000
00000000
00000000
00000000
00000000
00000000
00000000
00000000
00000000
00000000
00000000
00000000
00000000
00000000
00000000
00000000
00000000
00000000
00000000
00000000
00000000
00000000
00000000
00000000
00000000
00000000
00000000
00000000
00000000
00000000
00000000
00000000
00000000
00000000
00000000
00000000
00000000
00000000
00000000
00000000
000032e0
00000000
00000046
1d000000
00000000
00000000
00000000
000079e7
00000000
00000094
a8000000
00000000
00000000
00000000
0004c3e7
00000000
00000060
d20b0000
00000000
00000000
00000000
0045fc86
00000000
00000072
fc150000
00000000
00000000
00000000
2decd90c
00000000
000000c0
fc150000
00000000
00000000
00000000
a8f73500
00000000
000012ff
fd150000
00000000
00000000
00000054
f2d30000
00000000
00008dfd
bd050000
00000000
00000000
000000a9
fc6a0000
00000000
0020e8fa
42000000
00000000
00000000
00000fe1
fc000000
00000000
0086fcd3
00000000
00000000
00000000
000016fc
a4000000
00000000
00a9fca7
00000000
00000000
00000000
000009cc
d1120000
00000000
16fdfd6b
00000000
00000000
00000000
000000a9
fcc75555
555581a4
c3fcfc6a
00000000
00000000
00000000
00000029
aaf5fcfc
fcfce8e7
fbfcfc09
00000000
00000000
00000000
00000000
00315454
54540000
a1fcfc00
00000000
00000000
00000000
00000000
00000000
00000000
7ffcfc2d
00000000
00000000
00000000
00000000
00000000
00000000
80fdfd00
00000000
00000000
00000000
00000000
00000000
00000000
7ffcfc00
00000000
00000000
00000000
00000000
00000000
00000000
87fcf400
00000000
00000000
00000000
00000000
00000000
00000000
e8ec6f00
00000000
00000000
00000000
00000000
00000000
00000000
b3420000
00000000
00000000
00000000
00000000
00000000
00000000
00000000
00000000
00000000
00000000
00000000
00000000
00000000
00000000
00000000
00000000
00000000
00000000
00000000
00000000
00000000
00000000
00000000
00000000
00000000
00000000
00000000
00000000
00000000
00000000
00000000
00000000
00000000
00000000
00000000
00000000
00000000
00000000
00000000
00000000
00000000
00000000
00000000
00000000
00000000
00000000
00000000
00000000
00000000
00000000
00000000
00000000
00000000
00000000
00000000
00000000
00000000
00000000
00000000
00000000
000032e0
00000000
00000046
1d000000
00000000
00000000
00000000
000079e7
00000000
00000094
a8000000
00000000
00000000
00000000
0004c3e7
00000000
00000060
d20b0000
00000000
00000000
00000000
0045fc86
00000000
00000072
fc150000
00000000
00000000
00000000
2decd90c
00000000
000000c0
fc150000
00000000
00000000
00000000
a8f73500
00000000
000012ff
fd150000
00000000
00000000
00000054
f2d30000
00000000
00008dfd
bd050000
00000000
00000000
000000a9
fc6a0000
00000000
0020e8fa
42000000
00000000
00000000
00000fe1
fc000000
00000000
0086fcd3
00000000
00000000
00000000
000016fc
a4000000
00000000
00a9fca7
00000000
00000000
00000000
000009cc
d1120000
00000000
16fdfd6b
00000000
00000000
00000000
000000a9
fcc75555
555581a4
c3fcfc6a
00000000
00000000
00000000
00000029
aaf5fcfc
fcfce8e7
fbfcfc09
00000000
00000000
00000000
00000000
00315454
54540000
a1fcfc00
00000000
00000000
00000000
00000000
00000000
00000000
7ffcfc2d
00000000
00000000
00000000
00000000
00000000
00000000
80fdfd00
00000000
00000000
00000000
00000000
00000000
00000000
7ffcfc00
00000000
00000000
00000000
00000000
00000000
00000000
87fcf400
00000000
00000000
00000000
00000000
00000000
00000000
e8ec6f00
00000000
00000000
00000000
00000000
00000000
00000000
b3420000
00000000
00000000
00000000
00000000
00000000
00000000
00000000
00000000
00000000
00000000
00000000
00000000
00000000
00000000
00000000
00000000
00000000
00000000
00000000
00000000
00000000
00000000
00000000
00000000
00000000
00000000
00000000
00000000
00000000
00000000
00000000
00000000
00000000
00000000
00000000
00000000
00000000
00000000
00000000
00000000
00000000
00000000
00000000
00000000
00000000
00000000
00000000
00000000
00000000
00000000
00000000
00000000
00000000
00000000
00000000
00000000
00000000
00000000
00000000
00000000
00000000
00000000
4dfe6b03
00000000
00000000
00000000
00000000
00000000
00000013
e3fefe09
00000000
00000000
00000000
00000000
00000000
00000051
fefea501
00000000
00000000
00000000
00000000
00000000
000007cb
fefe4900
00000000
00000000
00000000
00000000
00000000
000035fe
fefa0000
00000000
00000000
00000000
00000000
00000000
000086fe
feb40000
00000000
00000000
00000000
00000000
00000000
0000c4fe
f8300000
00000000
00000000
00000000
00000000
00000000
003afefe
ed000000
00000000
00000000
00000000
00000000
00000000
006ffefe
84000000
00000000
00000000
00000000
00000000
00000000
00a3feee
1c000000
00000000
00000000
00000000
00000000
00000000
3cfcfedf
00000000
00000000
00000000
00000000
00000000
00000000
4ffefe9a
00000000
00000000
00000000
00000000
00000000
00000000
a3feee35
00000000
00000000
00000000
00000000
00000000
0000001c
fcfed200
00000000
00000000
00000000
00000000
00000000
00000056
fefe8300
00000000
00000000
00000000
00000000
00000000
00000069
feea1400
00000000
00000000
00000000
00000000
00000000
000000af
fecc0500
00000000
00000000
00000000
00000000
00000000
000005d3
fec40000
00000000
00000000
00000000
00000000
00000000
0000039e
fea00000
00000000
00000000
00000000
00000000
00000000
0000001a
9d6b0000
00000000
00000000
00000000
00000000
00000000
00000000
00000000
00000000
00000000
00000000
00000000
00000000
00000000
00000000
00000000
00000000
00000000
00000000
00000000
00000000
00000000
00000000
00000000
00000000
00000000
00000000
00000000
00000000
00000000
00000000
00000000
00000000
00000000
00000000
00000000
00000000
00000000
00000000
00000000
00000000
00000000
00000000
00000000
00000000
00000000
00000000
00000000
00000000
00000000
00000000
00000000
00000000
00000000
00000000
00000000
00000000
00000000
00000000
00000000
00000000
00000000
0016c086
20000000
00000000
000f4d05
00000000
00000000
00000000
11ebfaa9
00000000
00000000
0fdcf125
00000000
00000000
00000014
bdfd9300
00000000
00000000
8bfd6400
00000000
00000000
00000046
fdfd1500
00000000
0000002b
fead0d00
00000000
00000000
00001699
fd600000
00000000
00002be7
fe5c0000
00000000
00000000
0000a3ff
cc0b0000
00000000
000068fe
9e000000
00000000
00000000
0000a2fd
b2050000
00000000
0983edfd
00000000
00000000
00000000
0000a2fd
fdbfaf46
46464685
c5fdfda9
00000000
00000000
00000000
000033e4
fdfdfefd
fdfdfdfe
fdfddb23
00000000
00000000
00000000
00000011
4189fee8
8989892c
fdfda100
00000000
00000000
00000000
00000000
00000000
00000022
fece1500
00000000
00000000
00000000
00000000
00000000
000000a0
fd450000
00000000
00000000
00000000
00000000
00000000
000055fe
f1320000
00000000
00000000
00000000
00000000
00000000
00009efe
a5000000
00000000
00000000
00000000
00000000
00000000
0000e7f4
32000000
00000000
00000000
00000000
00000000
00000000
0068fee8
00000000
00000000
00000000
00000000
00000000
00000000
00d0fd9d
000d1e00
00000000
00000000
00000000
00000000
00000000
00d0fd9a
5bcca100
00000000
00000000
00000000
00000000
00000000
00d0fdfe
fd9a1d00
00000000
00000000
00000000
00000000
00000000
003dbe80
17060000
00000000
00000000
00000000
00000000
00000000
00000000
00000000
00000000
00000000
00000000
00000000
00000000
00000000
00000000
00000000
00000000
00000000
00000000
00000000
00000000
00000000
00000000
00000000
00000000
00000000
00000000
00000000
00000000
00000000
00000000
00000000
00000000
00000000
00000000
00000000
00000000
00000000
00000000
00000000
00000000
00000000
00000000
00000000
00000000
00000000
00000000
00000000
00000000
00000000
00000000
00000000
00000000
00000000
00000000
00000000
00000000
00000000
00000000
00000000
00000000
00000000
00000000
00000000
00000000
00000000
00000000
00000000
0000000e
95c10500
00000000
00000000
00000000
00000000
00000000
00005be0
fdfd1300
00000000
00000000
00000000
00000000
00000000
001cebfe
fdfda612
00000000
00000000
00000000
00000000
00000000
0090fdfe
fdfdfdee
73060000
00000000
00000000
00000000
00000000
1ff1fdd0
b9fdfdfd
e7180000
00000000
00000000
00000000
00000000
4ffec100
0862dbfe
ffc91200
00000000
00000000
00000000
00000000
56fd5000
0000b6fd
febf0c00
00000000
00000000
00000000
00000000
affd9b00
0000eafd
fe870000
00000000
00000000
00000000
00000000
56fdd028
55a6fbed
feec2a00
00000000
00000000
00000000
00000000
12eefdfe
fdfdb924
d8fd9800
00000000
00000000
00000000
00000000
0044f0ff
fe910800
86fedf23
00000000
00000000
00000000
00000000
0000449e
8e0c0000
09affda1
00000000
00000000
00000000
00000000
00000000
00000000
0058fde2
12000000
00000000
00000000
00000000
00000000
00000000
0002a6fd
7e000000
00000000
00000000
00000000
00000000
00000000
000030f5
fd260000
00000000
00000000
00000000
00000000
00000000
00000073
feac0900
00000000
00000000
00000000
00000000
00000000
00000015
dafe2e00
00000000
00000000
00000000
00000000
00000000
00000000
1efea500
00000000
00000000
00000000
00000000
00000000
00000000
00baf42a
00000000
00000000
00000000
00000000
00000000
00000000
000edf4e
00000000
00000000
00000000
00000000
00000000
00000000
00000000
00000000
00000000
00000000
00000000
00000000
00000000
00000000
00000000
00000000
00000000
00000000
00000000
00000000
00000000
00000000
00000000
00000000
00000000
00000000
00000000
00000000
00000000
00000000
00000000
00000000
00000000
00000000
00000000
00000000
00000000
00000000
00000000
00000000
00000000
00000000
00000000
00000000
00000000
00000000
00000000
00112f2f
2f108155
2f000000
00000000
00000000
00000000
0000004b
99d9fdfd
fdd7f6fd
fd000000
00000000
00000000
00000000
238ef4fc
fdfdfdfd
fdfdfdfd
fd000000
00000000
00000000
00000000
3ffdfdfd
fdfdfdfd
d5aaaaaa
aa000000
00000000
00000000
14844800
39eee3ee
a87c4514
0b000000
00000000
00000000
0000000b
cefd4e00
0020001e
02000000
00000000
00000000
00000000
000006b1
fd840a00
00000000
00000000
00000000
00000000
00000000
000c85fd
e90f0000
00000000
00000000
00000000
00000000
00000000
005cfddf
1c000000
00000000
00000000
00000000
00000000
00000000
0096fdae
00000000
00000000
00000000
00000000
00000000
00000000
00eafdf6
7f310000
00000000
00000000
00000000
00000000
00000000
00fffdfd
fdfb935b
79552a2a
551c0000
00000000
00000000
00000000
008bfdfd
fdfdfdfd
fdfdfdfd
fde8a800
00000000
00000000
00000000
000335da
defbfdfd
fdfdfdfd
fdfdfc7c
00000000
00000000
00000000
00000000
004348c8
fdfdfdfd
fdfdfdaf
00000000
00000000
00000000
00000000
00000078
fdf99833
a4fdfdaf
00000000
00000000
00000000
00000000
00000032
fdfdfdbc
fcfdfd94
00000000
00000000
00000000
00000000
00000009
a7fdfdfd
fdfaaf0b
00000000
00000000
00000000
00000000
00000000
17b4e7fd
dd800000
00000000
00000000
00000000
00000000
00000000
00005d95
16000000
00000000
00000000
00000000
00000000
00000000
00000000
00000000
00000000
00000000
00000000
00000000
00000000
00000000
00000000
00000000
00000000
00000000
00000000
00000000
00000000
00000000
00000000
00000000
00000000
00000000
00000000
00000000
00000000
00000000
00000000
00000000
00000000
00000000
00000000
00000000
00000000
00000000
00000000
00000000
00000000
00000000
00000000
00000000
00000000
00000000
00000000
00000000
00000000
00000000
00000000
00000000
00000000
00000000
00000000
00000000
00000000
00000000
00000000
00000000
00000000
00000000
00000000
00000000
00000000
00000000
00000000
00000000
00000000
00000000
00000000
00000000
00000000
00000000
00000000
00000000
00000000
00000000
00000000
00000000
00000000
00000000
00000000
00243889
c9c75f25
00000000
00000000
00000000
00000000
0000002d
98eafefe
fefefefa
d3970600
00000000
00000000
00000000
002e99f0
fefee3a6
85fbc8fe
e5e16800
00000000
00000000
00000000
99eafefe
bb8e0800
00bf28c6
f6dffd15
00000000
00000000
0000087e
fdfee980
0b000000
00d22b46
fefefe15
00000000
00000000
000048f3
fee43600
00000003
2074e1f2
feffa205
00000000
00000000
00004bf0
fedf6d8a
b2b2a9d2
fbe7fefe
fee82600
00000000
00000000
000009af
f4fdfffe
fefbfefe
fefefefc
ab190000
00000000
00000000
00000000
1088c3b0
9299c8fe
fefefe96
10000000
00000000
00000000
00000000
00000000
0000a2fe
fef16303
00000000
00000000
00000000
00000000
00000000
0076fafe
fe5a0000
00000000
00000000
00000000
00000000
00000000
64f2fefe
d3070000
00000000
00000000
00000000
00000000
00000036
f1fefef2
3b000000
00000000
00000000
00000000
00000000
00000083
fefef440
00000000
00000000
00000000
00000000
00000000
00000df9
fefe9800
00000000
00000000
00000000
00000000
00000000
000ce4fe
fed00800
00000000
00000000
00000000
00000000
00000000
004efffe
fe420000
00000000
00000000
00000000
00000000
00000000
00d1fefe
89000000
00000000
00000000
00000000
00000000
00000000
00e3ffe9
19000000
00000000
00000000
00000000
00000000
00000000
0071ff6c
00000000
00000000
00000000
00000000
00000000
00000000
00000000
00000000
00000000
00000000
00000000
00000000
00000000
00000000
00000000
00000000
00000000
00000000
00000000
00000000
00000000
00000000
00000000
00000000
00000000
00000000
00000000
00000000
00000000
00000000
00000000
00000000
00000000
00000000
00000000
00000000
00000000
00000000
00000000
00000000
00000000
0000003d
032a76c1
76763d00
00000000
00000000
00000000
00000000
000eb3f5
ecf2fefe
fefef5eb
54000000
00000000
00000000
00000000
0097fefe
fed5c0b2
b2b4fefe
f12e0000
00000000
00000000
00000000
2bebfee2
401c0c00
000280fc
ffad1100
00000000
00000000
00000000
38fefd6b
00000000
00000086
fafe4b00
00000000
00000000
00000000
3ffe9e00
00000000
00000000
ddfe9d00
00000000
00000000
00000000
c2fe6700
00000000
00000000
96fed500
00000000
00000000
00000022
dcef3a00
00000000
00000000
54fed500
00000000
00000000
0000007e
feab0000
00000000
00000000
54fed500
00000000
00000000
000000d6
ef3c0000
00000000
00000000
54fed500
00000000
00000000
000000d6
c7000000
00000000
00000000
54fed500
00000000
00000000
00000bdb
c7000000
00000000
00000000
54fed500
00000000
00000000
000062fe
c7000000
00000000
00000000
a2fed100
00000000
00000000
000062fe
c7000000
00000000
00000033
eefe4b00
00000000
00000000
000062fe
c7000000
00000000
000033a5
fec30400
00000000
00000000
000042f1
c7000000
00000000
0003a7fe
e3370000
00000000
00000000
000000d6
d5140000
0000002e
98cafefe
3f000000
00000000
00000000
000000d6
feccb4b4
b4b4b4eb
fefeea9c
0a000000
00000000
00000000
00000051
cdfefefe
fefefefe
fcea7800
00000000
00000000
00000000
00000000
1ad2fefe
fefefe99
68000000
00000000
00000000
00000000
00000000
00000000
00000000
00000000
00000000
00000000
00000000
00000000
00000000
00000000
00000000
00000000
00000000
00000000
00000000
00000000
00000000
00000000
00000000
00000000
00000000
00000000
00000000
00000000
00000000
00000000
00000000

